{
 "cells": [
  {
   "cell_type": "code",
   "execution_count": 1,
   "id": "94225f03",
   "metadata": {},
   "outputs": [
    {
     "ename": "ModuleNotFoundError",
     "evalue": "No module named 'pandas'",
     "output_type": "error",
     "traceback": [
      "\u001b[0;31m---------------------------------------------------------------------------\u001b[0m",
      "\u001b[0;31mModuleNotFoundError\u001b[0m                       Traceback (most recent call last)",
      "Input \u001b[0;32mIn [1]\u001b[0m, in \u001b[0;36m<cell line: 1>\u001b[0;34m()\u001b[0m\n\u001b[0;32m----> 1\u001b[0m \u001b[38;5;28;01mimport\u001b[39;00m \u001b[38;5;21;01mpandas\u001b[39;00m \u001b[38;5;28;01mas\u001b[39;00m \u001b[38;5;21;01mpd\u001b[39;00m\n\u001b[1;32m      2\u001b[0m \u001b[38;5;28;01mimport\u001b[39;00m \u001b[38;5;21;01mnumpy\u001b[39;00m \u001b[38;5;28;01mas\u001b[39;00m \u001b[38;5;21;01mnp\u001b[39;00m\n\u001b[1;32m      3\u001b[0m \u001b[38;5;28;01mimport\u001b[39;00m \u001b[38;5;21;01mmatplotlib\u001b[39;00m\u001b[38;5;21;01m.\u001b[39;00m\u001b[38;5;21;01mpyplot\u001b[39;00m \u001b[38;5;28;01mas\u001b[39;00m \u001b[38;5;21;01mplt\u001b[39;00m\n",
      "\u001b[0;31mModuleNotFoundError\u001b[0m: No module named 'pandas'"
     ]
    }
   ],
   "source": [
    "import pandas as pd\n",
    "import numpy as np\n",
    "import matplotlib.pyplot as plt\n",
    "import seaborn as sns\n",
    "from sklearn.preprocessing import LabelEncoder\n",
    "from sklearn.model_selection import train_test_split, GridSearchCV\n",
    "from sklearn.tree import DecisionTreeClassifier\n",
    "from sklearn.ensemble import RandomForestClassifier\n",
    "from sklearn.ensemble import BaggingClassifier"
   ]
  },
  {
   "cell_type": "code",
   "execution_count": 2,
   "id": "189217b5",
   "metadata": {},
   "outputs": [],
   "source": [
    "from sklearn.ensemble import ExtraTreesClassifier \n",
    "from sklearn.neighbors import KNeighborsClassifier\n",
    "from sklearn.linear_model import LogisticRegression\n",
    "from sklearn.svm import SVC\n",
    "from sklearn.ensemble import VotingClassifier\n",
    "from sklearn.model_selection import GridSearchCV\n",
    "from sklearn.metrics import mean_squared_error\n",
    "from sklearn.tree import plot_tree\n",
    "from sklearn import metrics\n",
    "import warnings\n",
    "warnings.filterwarnings('ignore')\n",
    "\n"
   ]
  },
  {
   "cell_type": "code",
   "execution_count": 5,
   "id": "f2fb7354",
   "metadata": {},
   "outputs": [
    {
     "data": {
      "text/plain": [
       "PassengerId\n",
       "892      nan\n",
       "893      nan\n",
       "894      nan\n",
       "895      nan\n",
       "896      nan\n",
       "        ... \n",
       "1305     nan\n",
       "1306    C105\n",
       "1307     nan\n",
       "1308     nan\n",
       "1309     nan\n",
       "Name: Cabin, Length: 418, dtype: object"
      ]
     },
     "execution_count": 5,
     "metadata": {},
     "output_type": "execute_result"
    }
   ],
   "source": [
    "df = pd.read_csv('./train.csv')\n",
    "df_kg = pd.read_csv('./test.csv')\n",
    "df1 = df.copy()\n",
    "df1.set_index('PassengerId', inplace=True)\n",
    "df_kg.set_index('PassengerId', inplace=True)\n",
    "df1.drop(['Name'], axis=1, inplace=True)\n",
    "df_kg.drop(['Name'], axis=1, inplace=True)\n",
    "\n",
    "df_kg.Cabin.astype(str)"
   ]
  },
  {
   "cell_type": "code",
   "execution_count": 6,
   "id": "ecfb7490",
   "metadata": {},
   "outputs": [],
   "source": [
    "# 결측치 처리\n",
    "df1.Cabin.fillna('N', inplace=True)\n",
    "df1.Embarked.fillna('S', inplace=True)\n",
    "df1.Age.fillna(df1.Age.median(), inplace=True)\n",
    "df_kg.Cabin.fillna('N', inplace=True)\n",
    "df_kg.Fare.fillna(df1.Fare.median(), inplace=True)\n",
    "df_kg.Age.fillna(df1.Age.median(), inplace=True)\n",
    "\n",
    "df1.Cabin = df1.Cabin.apply(lambda x:x[0])\n",
    "df_kg.Cabin = df_kg.Cabin.apply(lambda x:x[0])\n",
    "\n"
   ]
  },
  {
   "cell_type": "code",
   "execution_count": 7,
   "id": "a5e9ea81",
   "metadata": {},
   "outputs": [],
   "source": [
    "# 인코딩\n",
    "og_columns = df1.columns[(df1.dtypes=='O')|(df1.dtypes=='category')|(df1.dtypes=='bool')]\n",
    "for i in og_columns:\n",
    "    globals()[f'df1_{i}_encoder'] = LabelEncoder()\n",
    "    globals()[f'df1_{i}_encoder'].fit(df1[i])\n",
    "    globals()[f'df_kg_{i}_encoder'] = LabelEncoder()\n",
    "    globals()[f'df_kg_{i}_encoder'].fit(df_kg[i])\n",
    "    df1[i] = globals()[f'df1_{i}_encoder'].transform(df1[i])\n",
    "    df_kg[i] = globals()[f'df_kg_{i}_encoder'].transform(df_kg[i])\n",
    "\n"
   ]
  },
  {
   "cell_type": "code",
   "execution_count": 8,
   "id": "0185a3da",
   "metadata": {},
   "outputs": [],
   "source": [
    "# X, y 분리\n",
    "X = df1.drop('Survived', axis=1)\n",
    "y = df1.Survived"
   ]
  },
  {
   "cell_type": "code",
   "execution_count": 9,
   "id": "864991c4",
   "metadata": {},
   "outputs": [],
   "source": [
    "# train, test 분리\n",
    "X_train, X_val, y_train, y_val = train_test_split(X, y, test_size=0.1, random_state=19)"
   ]
  },
  {
   "cell_type": "code",
   "execution_count": 10,
   "id": "62d406a4",
   "metadata": {},
   "outputs": [],
   "source": [
    "dt_clf1 = DecisionTreeClassifier()\n",
    "dt_clf1.fit(X, y)\n",
    "dt_hat1 = dt_clf1.predict(df_kg)\n",
    "result_df = pd.DataFrame({'dt1':dt_hat1})\n",
    "result_df.index = list(range(892, 892 + result_df.shape[0]))"
   ]
  },
  {
   "cell_type": "code",
   "execution_count": 12,
   "id": "3b8f800b",
   "metadata": {},
   "outputs": [],
   "source": [
    "dt_clf2 = DecisionTreeClassifier(ccp_alpha=0.01)\n",
    "dt_clf2.fit(X, y)\n",
    "dt_hat2 = dt_clf2.predict(df_kg)\n",
    "result_df['dt2'] = dt_hat2"
   ]
  },
  {
   "cell_type": "code",
   "execution_count": 13,
   "id": "ebeae82b",
   "metadata": {},
   "outputs": [],
   "source": [
    "dt_clf3 = DecisionTreeClassifier(max_depth=5)\n",
    "dt_clf3.fit(X, y)\n",
    "dt_hat3 = dt_clf3.predict(df_kg)\n",
    "result_df['dt3'] = dt_hat3"
   ]
  },
  {
   "cell_type": "code",
   "execution_count": 14,
   "id": "e61bf0b8",
   "metadata": {},
   "outputs": [],
   "source": [
    "dt_clf4 = DecisionTreeClassifier(min_samples_split=5)\n",
    "dt_clf4.fit(X, y)\n",
    "dt_hat4 = dt_clf4.predict(df_kg)\n",
    "result_df['dt4'] = dt_hat4"
   ]
  },
  {
   "cell_type": "code",
   "execution_count": 15,
   "id": "16063c38",
   "metadata": {},
   "outputs": [
    {
     "name": "stdout",
     "output_type": "stream",
     "text": [
      "0.8338945005611672\n"
     ]
    }
   ],
   "source": [
    "bg_clf = BaggingClassifier(base_estimator=DecisionTreeClassifier(),\n",
    "                           n_estimators=500, bootstrap=True, n_jobs=4, oob_score=True)\n",
    "bg_clf.fit(X, y)\n",
    "print(bg_clf.oob_score_)\n",
    "bg_hat = bg_clf.predict(df_kg)\n",
    "result_df['bg1'] = bg_hat"
   ]
  },
  {
   "cell_type": "code",
   "execution_count": 16,
   "id": "af115cb1",
   "metadata": {},
   "outputs": [],
   "source": [
    "bg_clf1 = BaggingClassifier(base_estimator=RandomForestClassifier(),\n",
    "                           n_estimators=1000, bootstrap=False, n_jobs=4)\n",
    "bg_clf1.fit(X, y)\n",
    "bg_hat1 = bg_clf1.predict(df_kg)\n",
    "result_df['bg2'] = bg_hat1"
   ]
  },
  {
   "cell_type": "code",
   "execution_count": 17,
   "id": "3dae02cc",
   "metadata": {},
   "outputs": [
    {
     "name": "stdout",
     "output_type": "stream",
     "text": [
      "0.8316498316498316\n"
     ]
    }
   ],
   "source": [
    "rf_clf  = RandomForestClassifier(n_estimators=2000, bootstrap=True, max_samples=0.5,\n",
    "                                 max_depth=7, n_jobs=4, oob_score=True)\n",
    "rf_clf.fit(X, y)\n",
    "print(rf_clf.oob_score_)\n",
    "rf_hat = rf_clf.predict(df_kg)\n",
    "result_df['rf'] = rf_hat"
   ]
  },
  {
   "cell_type": "code",
   "execution_count": 18,
   "id": "65822555",
   "metadata": {},
   "outputs": [
    {
     "name": "stdout",
     "output_type": "stream",
     "text": [
      "0.7710437710437711\n"
     ]
    }
   ],
   "source": [
    "rf_clf1  = RandomForestClassifier(n_estimators=2000, bootstrap=True, max_samples=0.2,\n",
    "                                 ccp_alpha=0.05, n_jobs=4, oob_score=True)\n",
    "rf_clf1.fit(X, y)\n",
    "print(rf_clf1.oob_score_)\n",
    "rf_hat1 = rf_clf1.predict(df_kg)\n",
    "result_df['rf1'] = rf_hat1"
   ]
  },
  {
   "cell_type": "code",
   "execution_count": 19,
   "id": "7b7789f2",
   "metadata": {},
   "outputs": [
    {
     "name": "stdout",
     "output_type": "stream",
     "text": [
      "0.8170594837261503\n"
     ]
    }
   ],
   "source": [
    "et_clf  = ExtraTreesClassifier(n_estimators=500, bootstrap=True, n_jobs=4, oob_score=True)\n",
    "et_clf.fit(X, y)\n",
    "print(et_clf.oob_score_)\n",
    "et_hat = et_clf.predict(df_kg)\n",
    "result_df['et'] = et_hat"
   ]
  },
  {
   "cell_type": "code",
   "execution_count": 20,
   "id": "84aa9d46",
   "metadata": {},
   "outputs": [],
   "source": [
    "et_clf1  = ExtraTreesClassifier(n_estimators=100, min_samples_split=10, bootstrap=False, n_jobs=4)\n",
    "et_clf1.fit(X, y)\n",
    "et_hat1 = et_clf1.predict(df_kg)\n",
    "result_df['et1'] = et_hat1"
   ]
  },
  {
   "cell_type": "code",
   "execution_count": 21,
   "id": "2bb0c1f9",
   "metadata": {},
   "outputs": [],
   "source": [
    "knn_clf_5 = KNeighborsClassifier(n_neighbors=5)\n",
    "knn_clf_10 = KNeighborsClassifier(n_neighbors=10)\n",
    "knn_clf_20 = KNeighborsClassifier(n_neighbors=20)\n",
    "knn_clf_30 = KNeighborsClassifier(n_neighbors=30)\n",
    "knn_clf_40 = KNeighborsClassifier(n_neighbors=40)\n",
    "knn_clf_5.fit(X, y)\n",
    "knn_clf_10.fit(X, y)\n",
    "knn_clf_20.fit(X, y)\n",
    "knn_clf_30.fit(X, y)\n",
    "knn_clf_40.fit(X, y)\n",
    "result_df['knn5'] = knn_clf_5.predict(df_kg)\n",
    "result_df['knn10'] = knn_clf_10.predict(df_kg)\n",
    "result_df['knn20'] = knn_clf_20.predict(df_kg)\n",
    "result_df['knn30'] = knn_clf_30.predict(df_kg)\n",
    "result_df['knn40'] = knn_clf_40.predict(df_kg)"
   ]
  },
  {
   "cell_type": "code",
   "execution_count": 22,
   "id": "cd408a8d",
   "metadata": {},
   "outputs": [],
   "source": [
    "lr_clf  = LogisticRegression(C=0.05)\n",
    "lr_clf.fit(X, y)\n",
    "result_df['lr'] = lr_clf.predict(df_kg)"
   ]
  },
  {
   "cell_type": "code",
   "execution_count": 23,
   "id": "3f3be912",
   "metadata": {},
   "outputs": [],
   "source": [
    "svm_clf = SVC(probability=True, kernel='rbf')\n",
    "svm_clf1 = SVC(probability=True, kernel='poly')\n",
    "svm_clf2 = SVC(probability=True, kernel='sigmoid')\n",
    "svm_clf.fit(X, y)\n",
    "svm_clf1.fit(X, y)\n",
    "svm_clf2.fit(X, y)\n",
    "result_df['svm'] = svm_clf.predict(df_kg)\n",
    "result_df['svm1'] = svm_clf1.predict(df_kg)\n",
    "result_df['svm2'] = svm_clf2.predict(df_kg)"
   ]
  },
  {
   "cell_type": "code",
   "execution_count": 24,
   "id": "6b7869ed",
   "metadata": {},
   "outputs": [
    {
     "data": {
      "text/html": [
       "<div>\n",
       "<style scoped>\n",
       "    .dataframe tbody tr th:only-of-type {\n",
       "        vertical-align: middle;\n",
       "    }\n",
       "\n",
       "    .dataframe tbody tr th {\n",
       "        vertical-align: top;\n",
       "    }\n",
       "\n",
       "    .dataframe thead th {\n",
       "        text-align: right;\n",
       "    }\n",
       "</style>\n",
       "<table border=\"1\" class=\"dataframe\">\n",
       "  <thead>\n",
       "    <tr style=\"text-align: right;\">\n",
       "      <th></th>\n",
       "      <th>dt1</th>\n",
       "      <th>dt2</th>\n",
       "      <th>dt3</th>\n",
       "      <th>dt4</th>\n",
       "      <th>bg1</th>\n",
       "      <th>bg2</th>\n",
       "      <th>rf</th>\n",
       "      <th>rf1</th>\n",
       "      <th>et</th>\n",
       "      <th>et1</th>\n",
       "      <th>knn5</th>\n",
       "      <th>knn10</th>\n",
       "      <th>knn20</th>\n",
       "      <th>knn30</th>\n",
       "      <th>knn40</th>\n",
       "      <th>lr</th>\n",
       "      <th>svm</th>\n",
       "      <th>svm1</th>\n",
       "      <th>svm2</th>\n",
       "    </tr>\n",
       "  </thead>\n",
       "  <tbody>\n",
       "    <tr>\n",
       "      <th>dt1</th>\n",
       "      <td>1.000000</td>\n",
       "      <td>0.536905</td>\n",
       "      <td>0.639107</td>\n",
       "      <td>0.824966</td>\n",
       "      <td>0.665566</td>\n",
       "      <td>0.664219</td>\n",
       "      <td>0.611273</td>\n",
       "      <td>0.517559</td>\n",
       "      <td>0.574932</td>\n",
       "      <td>0.570456</td>\n",
       "      <td>0.137046</td>\n",
       "      <td>0.114912</td>\n",
       "      <td>0.194731</td>\n",
       "      <td>0.239242</td>\n",
       "      <td>0.233719</td>\n",
       "      <td>0.525409</td>\n",
       "      <td>0.220443</td>\n",
       "      <td>0.095924</td>\n",
       "      <td>-0.124319</td>\n",
       "    </tr>\n",
       "    <tr>\n",
       "      <th>dt2</th>\n",
       "      <td>0.536905</td>\n",
       "      <td>1.000000</td>\n",
       "      <td>0.802298</td>\n",
       "      <td>0.545839</td>\n",
       "      <td>0.751197</td>\n",
       "      <td>0.796129</td>\n",
       "      <td>0.859313</td>\n",
       "      <td>0.915461</td>\n",
       "      <td>0.734185</td>\n",
       "      <td>0.777730</td>\n",
       "      <td>-0.001136</td>\n",
       "      <td>0.044659</td>\n",
       "      <td>0.051094</td>\n",
       "      <td>0.050243</td>\n",
       "      <td>0.044897</td>\n",
       "      <td>0.819278</td>\n",
       "      <td>0.077376</td>\n",
       "      <td>0.098996</td>\n",
       "      <td>0.027164</td>\n",
       "    </tr>\n",
       "    <tr>\n",
       "      <th>dt3</th>\n",
       "      <td>0.639107</td>\n",
       "      <td>0.802298</td>\n",
       "      <td>1.000000</td>\n",
       "      <td>0.665294</td>\n",
       "      <td>0.749206</td>\n",
       "      <td>0.778321</td>\n",
       "      <td>0.815504</td>\n",
       "      <td>0.732599</td>\n",
       "      <td>0.738415</td>\n",
       "      <td>0.764080</td>\n",
       "      <td>0.132876</td>\n",
       "      <td>0.182813</td>\n",
       "      <td>0.183996</td>\n",
       "      <td>0.167163</td>\n",
       "      <td>0.169716</td>\n",
       "      <td>0.817758</td>\n",
       "      <td>0.258722</td>\n",
       "      <td>0.102841</td>\n",
       "      <td>-0.131815</td>\n",
       "    </tr>\n",
       "    <tr>\n",
       "      <th>dt4</th>\n",
       "      <td>0.824966</td>\n",
       "      <td>0.545839</td>\n",
       "      <td>0.665294</td>\n",
       "      <td>1.000000</td>\n",
       "      <td>0.677306</td>\n",
       "      <td>0.657345</td>\n",
       "      <td>0.621921</td>\n",
       "      <td>0.525404</td>\n",
       "      <td>0.597387</td>\n",
       "      <td>0.561622</td>\n",
       "      <td>0.118796</td>\n",
       "      <td>0.165560</td>\n",
       "      <td>0.178510</td>\n",
       "      <td>0.206003</td>\n",
       "      <td>0.197892</td>\n",
       "      <td>0.508580</td>\n",
       "      <td>0.192967</td>\n",
       "      <td>0.104608</td>\n",
       "      <td>-0.087339</td>\n",
       "    </tr>\n",
       "    <tr>\n",
       "      <th>bg1</th>\n",
       "      <td>0.665566</td>\n",
       "      <td>0.751197</td>\n",
       "      <td>0.749206</td>\n",
       "      <td>0.677306</td>\n",
       "      <td>1.000000</td>\n",
       "      <td>0.867824</td>\n",
       "      <td>0.819441</td>\n",
       "      <td>0.729709</td>\n",
       "      <td>0.816808</td>\n",
       "      <td>0.799794</td>\n",
       "      <td>0.121295</td>\n",
       "      <td>0.186071</td>\n",
       "      <td>0.166520</td>\n",
       "      <td>0.157978</td>\n",
       "      <td>0.156359</td>\n",
       "      <td>0.635629</td>\n",
       "      <td>0.229874</td>\n",
       "      <td>0.091318</td>\n",
       "      <td>-0.092527</td>\n",
       "    </tr>\n",
       "    <tr>\n",
       "      <th>bg2</th>\n",
       "      <td>0.664219</td>\n",
       "      <td>0.796129</td>\n",
       "      <td>0.778321</td>\n",
       "      <td>0.657345</td>\n",
       "      <td>0.867824</td>\n",
       "      <td>1.000000</td>\n",
       "      <td>0.893477</td>\n",
       "      <td>0.796520</td>\n",
       "      <td>0.848110</td>\n",
       "      <td>0.852573</td>\n",
       "      <td>0.110901</td>\n",
       "      <td>0.145082</td>\n",
       "      <td>0.159938</td>\n",
       "      <td>0.160461</td>\n",
       "      <td>0.137634</td>\n",
       "      <td>0.707878</td>\n",
       "      <td>0.197299</td>\n",
       "      <td>0.116518</td>\n",
       "      <td>-0.018745</td>\n",
       "    </tr>\n",
       "    <tr>\n",
       "      <th>rf</th>\n",
       "      <td>0.611273</td>\n",
       "      <td>0.859313</td>\n",
       "      <td>0.815504</td>\n",
       "      <td>0.621921</td>\n",
       "      <td>0.819441</td>\n",
       "      <td>0.893477</td>\n",
       "      <td>1.000000</td>\n",
       "      <td>0.848643</td>\n",
       "      <td>0.842246</td>\n",
       "      <td>0.886795</td>\n",
       "      <td>0.089098</td>\n",
       "      <td>0.136342</td>\n",
       "      <td>0.175708</td>\n",
       "      <td>0.167901</td>\n",
       "      <td>0.143202</td>\n",
       "      <td>0.803298</td>\n",
       "      <td>0.187745</td>\n",
       "      <td>0.125270</td>\n",
       "      <td>-0.008320</td>\n",
       "    </tr>\n",
       "    <tr>\n",
       "      <th>rf1</th>\n",
       "      <td>0.517559</td>\n",
       "      <td>0.915461</td>\n",
       "      <td>0.732599</td>\n",
       "      <td>0.525404</td>\n",
       "      <td>0.729709</td>\n",
       "      <td>0.796520</td>\n",
       "      <td>0.848643</td>\n",
       "      <td>1.000000</td>\n",
       "      <td>0.713383</td>\n",
       "      <td>0.756553</td>\n",
       "      <td>0.023450</td>\n",
       "      <td>0.056136</td>\n",
       "      <td>0.074672</td>\n",
       "      <td>0.074379</td>\n",
       "      <td>0.068699</td>\n",
       "      <td>0.778860</td>\n",
       "      <td>0.102590</td>\n",
       "      <td>0.102973</td>\n",
       "      <td>0.023803</td>\n",
       "    </tr>\n",
       "    <tr>\n",
       "      <th>et</th>\n",
       "      <td>0.574932</td>\n",
       "      <td>0.734185</td>\n",
       "      <td>0.738415</td>\n",
       "      <td>0.597387</td>\n",
       "      <td>0.816808</td>\n",
       "      <td>0.848110</td>\n",
       "      <td>0.842246</td>\n",
       "      <td>0.713383</td>\n",
       "      <td>1.000000</td>\n",
       "      <td>0.903522</td>\n",
       "      <td>0.110901</td>\n",
       "      <td>0.179935</td>\n",
       "      <td>0.171398</td>\n",
       "      <td>0.182445</td>\n",
       "      <td>0.171264</td>\n",
       "      <td>0.697798</td>\n",
       "      <td>0.260576</td>\n",
       "      <td>0.085770</td>\n",
       "      <td>-0.102322</td>\n",
       "    </tr>\n",
       "    <tr>\n",
       "      <th>et1</th>\n",
       "      <td>0.570456</td>\n",
       "      <td>0.777730</td>\n",
       "      <td>0.764080</td>\n",
       "      <td>0.561622</td>\n",
       "      <td>0.799794</td>\n",
       "      <td>0.852573</td>\n",
       "      <td>0.886795</td>\n",
       "      <td>0.756553</td>\n",
       "      <td>0.903522</td>\n",
       "      <td>1.000000</td>\n",
       "      <td>0.117768</td>\n",
       "      <td>0.194772</td>\n",
       "      <td>0.198078</td>\n",
       "      <td>0.210003</td>\n",
       "      <td>0.198332</td>\n",
       "      <td>0.742378</td>\n",
       "      <td>0.268615</td>\n",
       "      <td>0.090381</td>\n",
       "      <td>-0.099420</td>\n",
       "    </tr>\n",
       "    <tr>\n",
       "      <th>knn5</th>\n",
       "      <td>0.137046</td>\n",
       "      <td>-0.001136</td>\n",
       "      <td>0.132876</td>\n",
       "      <td>0.118796</td>\n",
       "      <td>0.121295</td>\n",
       "      <td>0.110901</td>\n",
       "      <td>0.089098</td>\n",
       "      <td>0.023450</td>\n",
       "      <td>0.110901</td>\n",
       "      <td>0.117768</td>\n",
       "      <td>1.000000</td>\n",
       "      <td>0.571613</td>\n",
       "      <td>0.476794</td>\n",
       "      <td>0.418021</td>\n",
       "      <td>0.417068</td>\n",
       "      <td>0.128707</td>\n",
       "      <td>0.481747</td>\n",
       "      <td>0.241989</td>\n",
       "      <td>-0.230562</td>\n",
       "    </tr>\n",
       "    <tr>\n",
       "      <th>knn10</th>\n",
       "      <td>0.114912</td>\n",
       "      <td>0.044659</td>\n",
       "      <td>0.182813</td>\n",
       "      <td>0.165560</td>\n",
       "      <td>0.186071</td>\n",
       "      <td>0.145082</td>\n",
       "      <td>0.136342</td>\n",
       "      <td>0.056136</td>\n",
       "      <td>0.179935</td>\n",
       "      <td>0.194772</td>\n",
       "      <td>0.571613</td>\n",
       "      <td>1.000000</td>\n",
       "      <td>0.579624</td>\n",
       "      <td>0.501973</td>\n",
       "      <td>0.468742</td>\n",
       "      <td>0.214535</td>\n",
       "      <td>0.551552</td>\n",
       "      <td>0.297072</td>\n",
       "      <td>-0.304585</td>\n",
       "    </tr>\n",
       "    <tr>\n",
       "      <th>knn20</th>\n",
       "      <td>0.194731</td>\n",
       "      <td>0.051094</td>\n",
       "      <td>0.183996</td>\n",
       "      <td>0.178510</td>\n",
       "      <td>0.166520</td>\n",
       "      <td>0.159938</td>\n",
       "      <td>0.175708</td>\n",
       "      <td>0.074672</td>\n",
       "      <td>0.171398</td>\n",
       "      <td>0.198078</td>\n",
       "      <td>0.476794</td>\n",
       "      <td>0.579624</td>\n",
       "      <td>1.000000</td>\n",
       "      <td>0.779874</td>\n",
       "      <td>0.702854</td>\n",
       "      <td>0.205118</td>\n",
       "      <td>0.636151</td>\n",
       "      <td>0.150176</td>\n",
       "      <td>-0.402939</td>\n",
       "    </tr>\n",
       "    <tr>\n",
       "      <th>knn30</th>\n",
       "      <td>0.239242</td>\n",
       "      <td>0.050243</td>\n",
       "      <td>0.167163</td>\n",
       "      <td>0.206003</td>\n",
       "      <td>0.157978</td>\n",
       "      <td>0.160461</td>\n",
       "      <td>0.167901</td>\n",
       "      <td>0.074379</td>\n",
       "      <td>0.182445</td>\n",
       "      <td>0.210003</td>\n",
       "      <td>0.418021</td>\n",
       "      <td>0.501973</td>\n",
       "      <td>0.779874</td>\n",
       "      <td>1.000000</td>\n",
       "      <td>0.885302</td>\n",
       "      <td>0.158531</td>\n",
       "      <td>0.604611</td>\n",
       "      <td>0.031621</td>\n",
       "      <td>-0.515154</td>\n",
       "    </tr>\n",
       "    <tr>\n",
       "      <th>knn40</th>\n",
       "      <td>0.233719</td>\n",
       "      <td>0.044897</td>\n",
       "      <td>0.169716</td>\n",
       "      <td>0.197892</td>\n",
       "      <td>0.156359</td>\n",
       "      <td>0.137634</td>\n",
       "      <td>0.143202</td>\n",
       "      <td>0.068699</td>\n",
       "      <td>0.171264</td>\n",
       "      <td>0.198332</td>\n",
       "      <td>0.417068</td>\n",
       "      <td>0.468742</td>\n",
       "      <td>0.702854</td>\n",
       "      <td>0.885302</td>\n",
       "      <td>1.000000</td>\n",
       "      <td>0.147690</td>\n",
       "      <td>0.584441</td>\n",
       "      <td>-0.063601</td>\n",
       "      <td>-0.540741</td>\n",
       "    </tr>\n",
       "    <tr>\n",
       "      <th>lr</th>\n",
       "      <td>0.525409</td>\n",
       "      <td>0.819278</td>\n",
       "      <td>0.817758</td>\n",
       "      <td>0.508580</td>\n",
       "      <td>0.635629</td>\n",
       "      <td>0.707878</td>\n",
       "      <td>0.803298</td>\n",
       "      <td>0.778860</td>\n",
       "      <td>0.697798</td>\n",
       "      <td>0.742378</td>\n",
       "      <td>0.128707</td>\n",
       "      <td>0.214535</td>\n",
       "      <td>0.205118</td>\n",
       "      <td>0.158531</td>\n",
       "      <td>0.147690</td>\n",
       "      <td>1.000000</td>\n",
       "      <td>0.245935</td>\n",
       "      <td>0.204595</td>\n",
       "      <td>-0.056826</td>\n",
       "    </tr>\n",
       "    <tr>\n",
       "      <th>svm</th>\n",
       "      <td>0.220443</td>\n",
       "      <td>0.077376</td>\n",
       "      <td>0.258722</td>\n",
       "      <td>0.192967</td>\n",
       "      <td>0.229874</td>\n",
       "      <td>0.197299</td>\n",
       "      <td>0.187745</td>\n",
       "      <td>0.102590</td>\n",
       "      <td>0.260576</td>\n",
       "      <td>0.268615</td>\n",
       "      <td>0.481747</td>\n",
       "      <td>0.551552</td>\n",
       "      <td>0.636151</td>\n",
       "      <td>0.604611</td>\n",
       "      <td>0.584441</td>\n",
       "      <td>0.245935</td>\n",
       "      <td>1.000000</td>\n",
       "      <td>0.239335</td>\n",
       "      <td>-0.679390</td>\n",
       "    </tr>\n",
       "    <tr>\n",
       "      <th>svm1</th>\n",
       "      <td>0.095924</td>\n",
       "      <td>0.098996</td>\n",
       "      <td>0.102841</td>\n",
       "      <td>0.104608</td>\n",
       "      <td>0.091318</td>\n",
       "      <td>0.116518</td>\n",
       "      <td>0.125270</td>\n",
       "      <td>0.102973</td>\n",
       "      <td>0.085770</td>\n",
       "      <td>0.090381</td>\n",
       "      <td>0.241989</td>\n",
       "      <td>0.297072</td>\n",
       "      <td>0.150176</td>\n",
       "      <td>0.031621</td>\n",
       "      <td>-0.063601</td>\n",
       "      <td>0.204595</td>\n",
       "      <td>0.239335</td>\n",
       "      <td>1.000000</td>\n",
       "      <td>0.116039</td>\n",
       "    </tr>\n",
       "    <tr>\n",
       "      <th>svm2</th>\n",
       "      <td>-0.124319</td>\n",
       "      <td>0.027164</td>\n",
       "      <td>-0.131815</td>\n",
       "      <td>-0.087339</td>\n",
       "      <td>-0.092527</td>\n",
       "      <td>-0.018745</td>\n",
       "      <td>-0.008320</td>\n",
       "      <td>0.023803</td>\n",
       "      <td>-0.102322</td>\n",
       "      <td>-0.099420</td>\n",
       "      <td>-0.230562</td>\n",
       "      <td>-0.304585</td>\n",
       "      <td>-0.402939</td>\n",
       "      <td>-0.515154</td>\n",
       "      <td>-0.540741</td>\n",
       "      <td>-0.056826</td>\n",
       "      <td>-0.679390</td>\n",
       "      <td>0.116039</td>\n",
       "      <td>1.000000</td>\n",
       "    </tr>\n",
       "  </tbody>\n",
       "</table>\n",
       "</div>"
      ],
      "text/plain": [
       "            dt1       dt2       dt3       dt4       bg1       bg2        rf  \\\n",
       "dt1    1.000000  0.536905  0.639107  0.824966  0.665566  0.664219  0.611273   \n",
       "dt2    0.536905  1.000000  0.802298  0.545839  0.751197  0.796129  0.859313   \n",
       "dt3    0.639107  0.802298  1.000000  0.665294  0.749206  0.778321  0.815504   \n",
       "dt4    0.824966  0.545839  0.665294  1.000000  0.677306  0.657345  0.621921   \n",
       "bg1    0.665566  0.751197  0.749206  0.677306  1.000000  0.867824  0.819441   \n",
       "bg2    0.664219  0.796129  0.778321  0.657345  0.867824  1.000000  0.893477   \n",
       "rf     0.611273  0.859313  0.815504  0.621921  0.819441  0.893477  1.000000   \n",
       "rf1    0.517559  0.915461  0.732599  0.525404  0.729709  0.796520  0.848643   \n",
       "et     0.574932  0.734185  0.738415  0.597387  0.816808  0.848110  0.842246   \n",
       "et1    0.570456  0.777730  0.764080  0.561622  0.799794  0.852573  0.886795   \n",
       "knn5   0.137046 -0.001136  0.132876  0.118796  0.121295  0.110901  0.089098   \n",
       "knn10  0.114912  0.044659  0.182813  0.165560  0.186071  0.145082  0.136342   \n",
       "knn20  0.194731  0.051094  0.183996  0.178510  0.166520  0.159938  0.175708   \n",
       "knn30  0.239242  0.050243  0.167163  0.206003  0.157978  0.160461  0.167901   \n",
       "knn40  0.233719  0.044897  0.169716  0.197892  0.156359  0.137634  0.143202   \n",
       "lr     0.525409  0.819278  0.817758  0.508580  0.635629  0.707878  0.803298   \n",
       "svm    0.220443  0.077376  0.258722  0.192967  0.229874  0.197299  0.187745   \n",
       "svm1   0.095924  0.098996  0.102841  0.104608  0.091318  0.116518  0.125270   \n",
       "svm2  -0.124319  0.027164 -0.131815 -0.087339 -0.092527 -0.018745 -0.008320   \n",
       "\n",
       "            rf1        et       et1      knn5     knn10     knn20     knn30  \\\n",
       "dt1    0.517559  0.574932  0.570456  0.137046  0.114912  0.194731  0.239242   \n",
       "dt2    0.915461  0.734185  0.777730 -0.001136  0.044659  0.051094  0.050243   \n",
       "dt3    0.732599  0.738415  0.764080  0.132876  0.182813  0.183996  0.167163   \n",
       "dt4    0.525404  0.597387  0.561622  0.118796  0.165560  0.178510  0.206003   \n",
       "bg1    0.729709  0.816808  0.799794  0.121295  0.186071  0.166520  0.157978   \n",
       "bg2    0.796520  0.848110  0.852573  0.110901  0.145082  0.159938  0.160461   \n",
       "rf     0.848643  0.842246  0.886795  0.089098  0.136342  0.175708  0.167901   \n",
       "rf1    1.000000  0.713383  0.756553  0.023450  0.056136  0.074672  0.074379   \n",
       "et     0.713383  1.000000  0.903522  0.110901  0.179935  0.171398  0.182445   \n",
       "et1    0.756553  0.903522  1.000000  0.117768  0.194772  0.198078  0.210003   \n",
       "knn5   0.023450  0.110901  0.117768  1.000000  0.571613  0.476794  0.418021   \n",
       "knn10  0.056136  0.179935  0.194772  0.571613  1.000000  0.579624  0.501973   \n",
       "knn20  0.074672  0.171398  0.198078  0.476794  0.579624  1.000000  0.779874   \n",
       "knn30  0.074379  0.182445  0.210003  0.418021  0.501973  0.779874  1.000000   \n",
       "knn40  0.068699  0.171264  0.198332  0.417068  0.468742  0.702854  0.885302   \n",
       "lr     0.778860  0.697798  0.742378  0.128707  0.214535  0.205118  0.158531   \n",
       "svm    0.102590  0.260576  0.268615  0.481747  0.551552  0.636151  0.604611   \n",
       "svm1   0.102973  0.085770  0.090381  0.241989  0.297072  0.150176  0.031621   \n",
       "svm2   0.023803 -0.102322 -0.099420 -0.230562 -0.304585 -0.402939 -0.515154   \n",
       "\n",
       "          knn40        lr       svm      svm1      svm2  \n",
       "dt1    0.233719  0.525409  0.220443  0.095924 -0.124319  \n",
       "dt2    0.044897  0.819278  0.077376  0.098996  0.027164  \n",
       "dt3    0.169716  0.817758  0.258722  0.102841 -0.131815  \n",
       "dt4    0.197892  0.508580  0.192967  0.104608 -0.087339  \n",
       "bg1    0.156359  0.635629  0.229874  0.091318 -0.092527  \n",
       "bg2    0.137634  0.707878  0.197299  0.116518 -0.018745  \n",
       "rf     0.143202  0.803298  0.187745  0.125270 -0.008320  \n",
       "rf1    0.068699  0.778860  0.102590  0.102973  0.023803  \n",
       "et     0.171264  0.697798  0.260576  0.085770 -0.102322  \n",
       "et1    0.198332  0.742378  0.268615  0.090381 -0.099420  \n",
       "knn5   0.417068  0.128707  0.481747  0.241989 -0.230562  \n",
       "knn10  0.468742  0.214535  0.551552  0.297072 -0.304585  \n",
       "knn20  0.702854  0.205118  0.636151  0.150176 -0.402939  \n",
       "knn30  0.885302  0.158531  0.604611  0.031621 -0.515154  \n",
       "knn40  1.000000  0.147690  0.584441 -0.063601 -0.540741  \n",
       "lr     0.147690  1.000000  0.245935  0.204595 -0.056826  \n",
       "svm    0.584441  0.245935  1.000000  0.239335 -0.679390  \n",
       "svm1  -0.063601  0.204595  0.239335  1.000000  0.116039  \n",
       "svm2  -0.540741 -0.056826 -0.679390  0.116039  1.000000  "
      ]
     },
     "execution_count": 24,
     "metadata": {},
     "output_type": "execute_result"
    }
   ],
   "source": [
    "result_df.corr()"
   ]
  },
  {
   "cell_type": "code",
   "execution_count": 25,
   "id": "5b0ab585",
   "metadata": {},
   "outputs": [
    {
     "data": {
